0 0.7609375 0.0875 0.36875 0.175
0 0.69453125 0.278125 0.1984375 0.2546875
0 0.43984375 0.15703125 0.2375 0.278125
0 0.52265625 0.365625 0.1203125 0.153125
0 0.54296875 0.525 0.1109375 0.1171875
0 0.86640625 0.334375 0.1734375 0.1640625
0 0.66640625 0.45078125 0.096875 0.096875
0 0.284375 0.334375 0.3375 0.3875
0 0.2125 0.5203125 0.0796875 0.0796875
0 0.27734375 0.64609375 0.15 0.16875
0 0.41484375 0.60546875 0.1609375 0.2
0 0.77109375 0.50234375 0.1203125 0.13125
0 0.6859375 0.59296875 0.075 0.0734375
0 0.60703125 0.6546875 0.0890625 0.0828125