0 0.821875 0.68125 0.2625 0.375
0 0.60078125 0.621875 0.25 0.2015625
0 0.7609375 0.36640625 0.271875 0.2390625
0 0.54375 0.4546875 0.1515625 0.1234375
0 0.38515625 0.48125 0.115625 0.1125
0 0.5171875 0.7921875 0.1609375 0.1734375
0 0.4375 0.59921875 0.0953125 0.1
0 0.6140625 0.21953125 0.3796875 0.3421875
0 0.4453125 0.1546875 0.078125 0.078125
0 0.3109375 0.221875 0.165625 0.1515625
0 0.32734375 0.35703125 0.196875 0.1640625
0 0.36875 0.70390625 0.1296875 0.121875
0 0.29375 0.6234375 0.0703125 0.0734375
0 0.246875 0.54765625 0.0796875 0.0875