0 0.18359375 0.87265625 0.325 0.2546875
0 0.29296875 0.640625 0.1671875 0.2421875
0 0.52578125 0.8296875 0.203125 0.259375
0 0.48203125 0.6 0.1015625 0.14375
0 0.48984375 0.43515625 0.096875 0.1078125
0 0.1328125 0.5390625 0.1578125 0.146875
0 0.35390625 0.47734375 0.0890625 0.0875
0 0.7125 0.69375 0.2921875 0.359375
0 0.81875 0.528125 0.06875 0.071875
0 0.778125 0.38515625 0.13125 0.1546875
0 0.63359375 0.390625 0.1375 0.1875
0 0.25859375 0.39765625 0.10625 0.121875
0 0.3609375 0.32890625 0.065625 0.065625
0 0.45078125 0.28984375 0.0796875 0.075