0 0.5984375 0.6265625 0.053125 0.075
0 0.8109375 0.5296875 0.109375 0.1046875
0 0.928125 0.83671875 0.14375 0.1359375
0 0.9515625 0.59765625 0.096875 0.1203125
0 0.9328125 0.45703125 0.128125 0.103125
0 0.80703125 0.38828125 0.0875 0.084375
0 0.69765625 0.190625 0.3421875 0.3578125
0 0.8734375 0.04375 0.203125 0.0875
0 0.56484375 0.478125 0.121875 0.115625
0 0.8078125 0.6328125 0.096875 0.09375
0 0.96328125 0.7359375 0.0734375 0.1046875
0 0.965625 0.2984375 0.06875 0.1375
0 0.62421875 0.51875 0.0609375 0.05