0 0.6328125 0.47109375 0.0734375 0.04375
0 0.5671875 0.2375 0.1015625 0.1
0 0.89609375 0.1546875 0.13125 0.1625
0 0.659375 0.08125 0.1140625 0.134375
0 0.5125 0.1015625 0.1 0.11875
0 0.42578125 0.2171875 0.0828125 0.0796875
0 0.209375 0.2953125 0.3515625 0.3078125
0 0.06328125 0.09296875 0.1265625 0.1734375
0 0.47890625 0.47890625 0.1109375 0.1109375
0 0.6703125 0.25859375 0.0921875 0.0875
0 0.803125 0.08828125 0.1015625 0.121875
0 0.3578125 0.03671875 0.1359375 0.059375
0 0.52890625 0.425 0.0484375 0.0578125
0 0.60625 0.02109375 0.1375 0.0234375