0 0.590625 0.29296875 0.0578125 0.0828125
0 0.82734375 0.384375 0.1171875 0.1171875
0 0.92109375 0.0640625 0.1578125 0.128125
0 0.9578125 0.303125 0.084375 0.1296875
0 0.9484375 0.4546875 0.103125 0.1171875
0 0.83984375 0.534375 0.0921875 0.0953125
0 0.74453125 0.75 0.36875 0.4
0 0.91953125 0.903125 0.1609375 0.1125
0 0.57265625 0.45 0.1328125 0.128125
0 0.81328125 0.27421875 0.1046875 0.103125
0 0.96328125 0.15546875 0.0734375 0.115625
0 0.98984375 0.6203125 0.0203125 0.14375
0 0.63125 0.4046875 0.065625 0.05625