0 0.12734375 0.71875 0.2546875 0.31875
0 0.7875 0.50703125 0.2234375 0.18125
0 0.6296875 0.35625 0.2046875 0.16875
0 0.4078125 0.4515625 0.353125 0.3296875
0 0.6796875 0.21953125 0.165625 0.1078125
0 0.3359375 0.02578125 0.0890625 0.0515625
0 0.6140625 0.1265625 0.175 0.1265625
0 0.45390625 0.078125 0.184375 0.140625
0 0.51171875 0.02421875 0.1125 0.0484375
0 0.8125 0.12265625 0.2625 0.1828125
0 0.6375 0.05703125 0.15625 0.10625
0 0.6265625 0.0234375 0.1328125 0.046875
0 0.71484375 0.0359375 0.1015625 0.071875
0 0.39140625 0.00078125 0.0890625 0.0015625
0 0.6609375 0.7671875 0.2015625 0.2484375
0 0.74921875 0.6203125 0.2265625 0.1609375