0 0.79140625 0.178125 0.3609375 0.2859375
0 0.20234375 0.5328125 0.228125 0.175
0 0.4234375 0.64140625 0.2109375 0.1640625
0 0.59453125 0.49921875 0.3625 0.3203125
0 0.43671875 0.784375 0.16875 0.103125
0 0.86171875 0.90234375 0.0921875 0.06875
0 0.54296875 0.859375 0.18125 0.121875
0 0.7203125 0.86953125 0.1890625 0.1359375
0 0.6953125 0.9484375 0.115625 0.0765625
0 0.3515625 0.90703125 0.26875 0.175
0 0.55078125 0.9296875 0.159375 0.1
0 0.58828125 0.96953125 0.134375 0.0609375
0 0.48828125 0.9671875 0.1046875 0.065625
0 0.8265625 0.95703125 0.0921875 0.059375
0 0.20625 0.253125 0.2078125 0.24375
0 0.1875 0.4140625 0.2328125 0.153125