0 0.13671875 0.7515625 0.2453125 0.359375
0 0.53671875 0.15 0.18125 0.2359375
0 0.62421875 0.3734375 0.16875 0.2171875
0 0.46171875 0.5515625 0.328125 0.3734375
0 0.76796875 0.38125 0.109375 0.175
0 0.84296875 0.8109375 0.0703125 0.09375
0 0.83359375 0.4875 0.1265625 0.184375
0 0.825 0.66796875 0.140625 0.1953125
0 0.9078125 0.63984375 0.0796875 0.11875
0 0.90234375 0.29140625 0.1828125 0.2765625
0 0.90546875 0.49375 0.1046875 0.1640625
0 0.9546875 0.5296875 0.090625 0.1390625
0 0.953125 0.42890625 0.078125 0.10625
0 0.90234375 0.7734375 0.0609375 0.0953125
0 0.2515625 0.1625 0.2484375 0.21875
0 0.4171875 0.13828125 0.1609375 0.2390625