0 0.66171875 0.0078125 0.1828125 0.015625
0 0.31484375 0.04140625 0.1890625 0.078125
0 0.7859375 0.8609375 0.103125 0.0890625
0 0.703125 0.7953125 0.1390625 0.1296875
0 0.75703125 0.640625 0.1234375 0.103125
0 0.4609375 0.41875 0.315625 0.2734375
0 0.2546875 0.19921875 0.2453125 0.278125
0 0.1796875 0.5921875 0.2984375 0.23125
0 0.375 0.61953125 0.1359375 0.1578125
0 0.028125 0.83046875 0.05625 0.1015625
0 0.1015625 0.7671875 0.1109375 0.09375
0 0.2703125 0.85390625 0.31875 0.2046875
0 0.24609375 0.95625 0.2828125 0.08125
0 0.53203125 0.965625 0.075 0.0421875