0 0.7703125 0.0578125 0.178125 0.0515625
0 0.425 0.04296875 0.1796875 0.0546875
0 0.865625 0.95 0.0921875 0.078125
0 0.784375 0.86796875 0.121875 0.115625
0 0.84375 0.728125 0.109375 0.0875
0 0.5578125 0.4453125 0.2765625 0.240625
0 0.3625 0.18515625 0.20625 0.253125
0 0.27734375 0.553125 0.2671875 0.1984375
0 0.46796875 0.62421875 0.1140625 0.14375
0 0.09609375 0.75390625 0.09375 0.0984375
0 0.19609375 0.709375 0.096875 0.0828125
0 0.35859375 0.8296875 0.29375 0.16875
0 0.328125 0.9515625 0.26875 0.096875
0 0.6125 0.98984375 0.0703125 0.0203125