0 0.3578125 0.0109375 0.1765625 0.021875
0 0.7875 0.775 0.0953125 0.0859375
0 0.7078125 0.7109375 0.1265625 0.1265625
0 0.765625 0.5625 0.1140625 0.1015625
0 0.48671875 0.3484375 0.2875 0.2671875
0 0.2953125 0.13671875 0.2203125 0.26875
0 0.21171875 0.51484375 0.275 0.2234375
0 0.39765625 0.54140625 0.121875 0.153125
0 0.04140625 0.74921875 0.0828125 0.1046875
0 0.13203125 0.684375 0.1 0.090625
0 0.29140625 0.7671875 0.2984375 0.2
0 0.2640625 0.9078125 0.275 0.1609375
0 0.54140625 0.90703125 0.0796875 0.1046875