0 0.51875 0.08828125 0.128125 0.1765625
0 0.56328125 0.24765625 0.1921875 0.1796875
0 0.71015625 0.38671875 0.115625 0.1125
0 0.4625 0.43203125 0.0875 0.084375
0 0.31796875 0.55390625 0.0890625 0.0953125
0 0.46015625 0.56953125 0.0875 0.0953125
0 0.83203125 0.54453125 0.1203125 0.128125
0 0.54921875 0.759375 0.125 0.09375
0 0.72109375 0.6421875 0.0765625 0.128125
0 0.6859375 0.49609375 0.084375 0.0734375
0 0.90234375 0.65234375 0.1625 0.1265625
0 0.80390625 0.7265625 0.084375 0.06875
0 0.1609375 0.8578125 0.1921875 0.15
0 0.30703125 0.71796875 0.071875 0.0828125
0 0.4640625 0.86640625 0.0703125 0.071875
0 0.6921875 0.834375 0.1734375 0.1046875