0 0.38671875 0.85625 0.1515625 0.1921875
0 0.396875 0.69453125 0.2078125 0.1984375
0 0.30703125 0.52421875 0.1265625 0.125
0 0.54765625 0.5515625 0.0953125 0.09375
0 0.71875 0.478125 0.0984375 0.1015625
0 0.59453125 0.425 0.096875 0.1015625
0 0.24453125 0.34609375 0.1328125 0.1390625
0 0.571875 0.22421875 0.1328125 0.10625
0 0.378125 0.28671875 0.09375 0.1328125
0 0.3640625 0.42890625 0.090625 0.0828125
0 0.21484375 0.2265625 0.1734375 0.1453125
0 0.328125 0.18515625 0.090625 0.078125
0 0.92421875 0.240625 0.1375 0.1734375
0 0.78125 0.3296875 0.08125 0.090625
0 0.68359375 0.14921875 0.078125 0.0796875
0 0.4640625 0.115625 0.1796875 0.1234375