0 0.82265625 0.56875 0.1796875 0.1265625
0 0.66015625 0.584375 0.178125 0.184375
0 0.5078125 0.70234375 0.1109375 0.1125
0 0.496875 0.4578125 0.084375 0.0859375
0 0.39921875 0.29921875 0.09375 0.0875
0 0.36328125 0.43203125 0.0921875 0.0859375
0 0.340625 0.79296875 0.125 0.11875
0 0.17109375 0.4875 0.0890625 0.1234375
0 0.2609375 0.6703125 0.125 0.0765625
0 0.40546875 0.6609375 0.071875 0.0828125
0 0.22890625 0.84296875 0.125 0.1578125
0 0.16953125 0.7375 0.0671875 0.0828125
0 0.1265625 0.09921875 0.146875 0.1875
0 0.2421875 0.26171875 0.08125 0.0703125
0 0.07890625 0.38828125 0.0703125 0.06875
0 0.08046875 0.6125 0.1 0.16875