0 0.8875 0.05703125 0.2234375 0.1140625
0 0.334375 0.16171875 0.259375 0.3234375
0 0.08359375 0.26875 0.1671875 0.1953125
0 0.36796875 0.403125 0.1296875 0.134375
0 0.609375 0.16953125 0.1546875 0.1859375
0 0.5484375 0.42109375 0.10625 0.1390625
0 0.1359375 0.57890625 0.271875 0.1921875
0 0.4734375 0.54609375 0.0828125 0.0703125
0 0.7140625 0.384375 0.1046875 0.096875
0 0.80703125 0.2296875 0.0953125 0.1125
0 0.59453125 0.51171875 0.0765625 0.0625
0 0.35 0.54296875 0.1234375 0.103125
0 0.48046875 0.3296875 0.0796875 0.09375
0 0.496875 0.609375 0.05625 0.0734375