0 0.146875 0.10390625 0.225 0.203125
0 0.15859375 0.63125 0.3171875 0.309375
0 0.17890625 0.89609375 0.2109375 0.1953125
0 0.38671875 0.640625 0.146875 0.146875
0 0.22421875 0.37421875 0.2 0.1765625
0 0.453125 0.46875 0.1484375 0.1234375
0 0.4921875 0.871875 0.221875 0.25625
0 0.55390625 0.559375 0.0765625 0.0890625
0 0.4625 0.3046875 0.1046875 0.1140625
0 0.33671875 0.1921875 0.121875 0.109375
0 0.553125 0.43828125 0.06875 0.0828125
0 0.5171875 0.6765625 0.115625 0.1375
0 0.34609375 0.52109375 0.1015625 0.0921875
0 0.62109375 0.546875 0.075 0.0625