0 0.075 0.19140625 0.15 0.2390625
0 0.209375 0.7140625 0.3875 0.290625
0 0.3640625 0.9203125 0.196875 0.15
0 0.46796875 0.6265625 0.1375 0.140625
0 0.2203125 0.4375 0.1890625 0.1671875
0 0.46796875 0.44453125 0.1390625 0.1171875
0 0.66015625 0.8296875 0.2015625 0.3046875
0 0.5953125 0.4921875 0.0703125 0.0875
0 0.41796875 0.2875 0.096875 0.109375
0 0.26015625 0.22890625 0.1140625 0.103125
0 0.55078125 0.3796875 0.0625 0.0796875
0 0.603125 0.6140625 0.10625 0.13125
0 0.38671875 0.5296875 0.09375 0.0875
0 0.653125 0.45546875 0.071875 0.0609375