0 0.415625 0.16328125 0.2734375 0.23125
0 0.37265625 0.50390625 0.2390625 0.1578125
0 0.2578125 0.57734375 0.196875 0.1078125
0 0.95703125 0.3703125 0.0859375 0.1296875
0 0.571875 0.63046875 0.13125 0.071875
0 0.56875 0.6765625 0.125 0.0734375
0 0.465625 0.70078125 0.0875 0.05625
0 0.23203125 0.6484375 0.1390625 0.0734375
0 0.38125 0.6421875 0.1859375 0.1125
0 0.35234375 0.6828125 0.0734375 0.0515625
0 0.30234375 0.69453125 0.1171875 0.0640625
0 0.3484375 0.73203125 0.1109375 0.059375
0 0.2765625 0.75703125 0.0828125 0.05
0 0.61484375 0.7234375 0.1046875 0.059375