0 0.8109375 0.74765625 0.21875 0.2640625
0 0.4453125 0.70234375 0.1421875 0.24375
0 0.32421875 0.7984375 0.0921875 0.1984375
0 0.81875 0.1265625 0.1234375 0.1359375
0 0.39140625 0.47109375 0.0625 0.134375
0 0.34375 0.4609375 0.065625 0.1265625
0 0.27890625 0.559375 0.0515625 0.0859375
0 0.24140625 0.80546875 0.0625 0.14375
0 0.30625 0.6578125 0.0984375 0.1875
0 0.25234375 0.6765625 0.0484375 0.0734375
0 0.22109375 0.7234375 0.05625 0.1203125
0 0.2015625 0.66875 0.05 0.1140625
0 0.14765625 0.7328125 0.0421875 0.0828125
0 0.31328125 0.4046875 0.053125 0.1078125