0 0.165625 0.3375 0.1875 0.2421875
0 0.509375 0.36796875 0.115625 0.221875
0 0.615625 0.275 0.075 0.1828125
0 0.19921875 0.92109375 0.1078125 0.13125
0 0.5734375 0.58203125 0.0515625 0.125
0 0.61875 0.58984375 0.053125 0.115625
0 0.6734375 0.49609375 0.0421875 0.0796875
0 0.6921875 0.26484375 0.0484375 0.13125
0 0.6421875 0.40390625 0.08125 0.175
0 0.68984375 0.38515625 0.040625 0.065625
0 0.71640625 0.34140625 0.04375 0.109375
0 0.7375 0.3921875 0.040625 0.1046875
0 0.78359375 0.32890625 0.0359375 0.078125
0 0.6515625 0.64140625 0.0421875 0.1